26.22273845
41.73593019
26.94461768
19.51281853
18.79518755
49.89112619
27.2136624
19.13566571
29.98174818
39.00666624
45.32308797
23.90215005
46.68644195
49.60663182
44.93884333
46.72024303
25.68318753
48.78613814
44.87433061
48.14866914
25.66465021
46.54422384
44.14365702
46.43352315
26.21055247
48.77459672
44.98836225
20.62692054
44.56632196
47.80657022
46.19296009
28.06386866
25.41476193
50.86210495
45.06865723
24.44597523
22.37399975
43.99410232
43.02129712
27.19237098
25.20138352
44.22842698
48.02905184
21.89709026
25.18856731
27.86709689
29.61270043
45.36821904
24.31844708
45.56227053
47.1028806
23.06785473
43.38687023
40.98098997
25.58506169
25.24577428
27.16280118
47.29276329
46.15318993
27.35094594
50.72129204
43.79562838
25.9774468
24.18073954